1 1
2 0
3 0
4 0
5 0
6 1
7 0
8 0
9 0
10 1
11 0
12 1
13 1
14 0
15 1
16 0
17 0
18 1
19 1
20 0
21 0
22 0
23 1
24 1
25 0
26 1
27 0
28 1
29 1
30 0
31 0
32 1
33 1
34 0
35 0
36 0
37 0
38 1
39 1
40 1
41 1
42 1
43 1
44 0
45 0
46 1
47 1
48 1
49 0
50 1
51 1
52 1
53 1
54 0
55 1
56 0
57 0
58 0
59 0
60 1
61 0
62 1
63 0
64 0
65 1
66 1
67 1
68 0
69 0
70 1
71 1
72 0
73 0
74 0
75 1
76 0
77 1
78 0
79 0
80 0
81 0
82 0
83 1
84 1
85 0
86 0
87 0
88 1
89 1
90 0
91 1
92 0
93 0
94 1
95 1
96 1
97 1
98 1
99 0
100 1
101 0
102 1
103 0
104 0
105 1
106 1
107 0
108 1
109 1
110 0
111 1
112 0
113 1
114 1
115 1
116 0
117 0
118 0
119 0
120 1
121 1
122 1
123 1
124 1
125 1
126 0
127 1
128 1
129 1
130 0
131 1
132 0
133 1
134 1
135 1
136 0
137 1
138 0
139 1
140 0
141 0
142 0
143 0
144 0
145 1
146 0
147 0
148 1
149 1
150 0
151 0
152 0
153 1
154 1
155 0
156 1
157 1
158 1
159 1
160 1
161 1
162 1
163 0
164 0
165 1
166 1
167 0
168 0
169 0
170 0
171 0
172 0
173 0
174 1
175 1
176 1
177 0
178 0
179 0
180 0
181 1
182 1
183 0
184 1
185 1
186 0
187 0
188 0
189 1
190 0
191 1
192 1
193 1
194 0
195 0
196 0
197 0
198 0
199 0
200 1
201 1
202 0
203 0
204 1
205 1
206 1
207 1
208 0
209 0
210 0
211 0
212 1
213 1
214 0
215 1
216 0
217 1
218 0
219 1
220 1
221 1
222 0
223 1
224 1
225 1
226 0
227 1
228 1
229 0
230 1
231 0
232 0
233 1
234 1
235 1
236 0
237 0
238 1
239 0
240 1
241 0
242 0
243 0
244 0
245 0
246 1
247 1
248 1
249 1
250 0
251 0
252 1
253 1
254 1
255 1
256 1
257 0
258 1
259 1
260 0
261 1
262 0
263 1
264 1
265 1
266 1
267 1
268 0
269 0
270 1
271 1
272 0
273 0
274 1
275 0
276 1
277 0
278 0
279 0
280 1
281 1
282 1
283 0
284 0
285 1
286 1
287 0
288 1
289 1
290 1
291 0
292 1
293 0
294 0
295 1
296 1
297 1
298 0
299 1
300 1
301 1
302 0
303 1
304 1
305 1
306 1
307 0
308 0
309 0
310 1
311 0
312 0
313 1
314 1
315 1
316 0
317 1
318 1
319 1
320 1
321 0
322 1
323 1
324 1
325 1
326 1
327 1
328 0
329 1
330 0
331 0
332 1
333 0
334 0
335 1
336 1
337 1
338 0
339 0
340 1
341 1
342 1
343 1
344 1
345 0
346 0
347 0
348 1
349 1
350 0
351 0
352 1
353 0
354 1
355 1
356 1
357 0
358 1
359 1
360 1
361 0
362 0
363 1
364 1
365 1
366 1
367 0
368 1
369 1
370 1
371 1
372 1
373 1
374 0
375 0
376 1
377 0
378 0
379 1
380 0
381 0
382 0
383 1
384 0
385 1
386 1
387 1
388 1
389 1
390 0
391 0
392 1
393 0
394 0
395 0
396 0
397 0
398 0
399 1
400 1
401 1
402 0
403 1
404 1
405 0
406 1
407 0
408 0
409 0
410 1
411 1
412 0
413 0
414 1
415 0
416 0
417 1
418 1
419 1
420 0
421 1
422 0
423 1
424 1
425 1
426 0
427 0
428 0
429 0
430 0
431 1
432 0
433 0
434 1
435 0
436 0
437 0
438 1
439 1
440 1
441 1
442 1
443 1
444 0
445 0
446 0
447 1
448 1
449 0
450 0
451 1
452 0
453 1
454 1
455 0
456 0
457 1
458 1
459 1
460 1
461 1
462 0
463 0
464 1
465 0
466 1
467 0
468 0
469 1
470 1
471 0
472 0
473 1
474 1
475 0
476 1
477 0
478 1
479 0
480 1
481 0
482 0
483 1
484 1
485 1
486 1
487 1
488 0
489 0
490 1
491 1
492 0
493 0
494 0
495 0
496 1
497 1
498 0
499 1
500 1
501 0
502 1
503 0
504 0
505 1
506 0
507 0
508 0
509 1
510 1
511 0
512 0
513 0
514 0
515 1
516 1
517 0
518 1
519 1
520 1
521 0
522 1
523 1
524 1
525 0
526 1
527 0
528 0
529 1
530 1
531 0
532 0
533 1
534 1
535 1
536 1
537 1
538 0
539 1
540 0
541 0
542 1
543 0
544 1
545 0
546 1
547 1
548 1
549 1
550 0
551 0
552 1
553 1
554 1
555 1
556 1
557 1
558 0
559 0
560 0
561 1
562 0
563 1
564 1
565 1
566 1
567 0
568 1
569 0
570 0
571 1
572 1
573 0
574 1
575 0
576 1
577 0
578 1
579 0
580 0
581 1
582 0
583 1
584 0
585 0
586 0
587 0
588 0
589 0
590 0
591 1
592 1
593 0
594 1
595 1
596 1
597 1
598 0
599 0
600 1
601 0
602 1
603 0
604 0
605 1
606 1
607 0
608 0
609 1
610 1
611 1
612 0
613 1
614 0
615 1
616 0
617 1
618 1
619 1
620 0
621 0
622 1
623 1
624 0
625 1
626 0
627 0
628 0
629 0
630 1
631 1
632 1
633 1
634 1
635 0
636 1
637 0
638 1
639 0
640 0
641 0
642 1
643 0
644 1
645 0
646 1
647 1
648 0
649 1
650 1
651 1
652 1
653 1
654 0
655 1
656 0
657 1
658 1
659 0
660 0
661 1
662 1
663 1
664 1
665 0
666 0
667 0
668 1
669 0
670 0
671 1
672 1
673 0
674 1
675 0
676 1
677 1
678 0
679 0
680 1
681 1
682 0
683 1
684 1
685 0
686 0
687 0
688 0
689 1
690 0
691 0
692 1
693 0
694 1
695 1
696 0
697 0
698 1
699 0
700 1
701 0
702 0
703 0
704 1
705 1
706 1
707 1
708 0
709 0
710 1
711 0
712 1
713 1
714 0
715 0
716 0
717 0
718 1
719 1
720 0
721 1
722 1
723 0
724 1
725 1
726 0
727 1
728 0
729 1
730 0
731 0
732 0
733 0
734 0
735 0
736 1
737 0
738 1
739 0
740 1
741 1
742 1
743 1
744 1
745 0
746 1
747 0
748 1
749 1
750 0
751 0
752 0
753 0
754 1
755 1
756 1
757 0
758 1
759 1
760 0
761 1
762 0
763 0
764 1
765 1
766 1
767 1
768 0
769 1
770 0
771 1
772 0
773 1
774 0
775 1
776 1
777 0
778 1
779 1
780 1
781 1
782 1
783 0
784 0
785 1
786 0
787 0
788 1
789 0
790 0
791 1
792 1
793 1
794 0
795 0
796 0
797 0
798 1
799 0
800 1
801 1
802 1
803 0
804 0
805 0
806 0
807 1
808 0
809 0
810 1
811 0
812 1
813 1
814 1
815 0
816 1
817 0
818 1
819 1
820 1
821 1
822 0
823 1
824 0
825 0
826 1
827 0
828 1
829 1
830 1
831 0
832 1
833 0
834 1
835 0
836 0
837 1
838 1
839 1
840 1
841 1
842 0
843 1
844 1
845 0
846 1
847 1
848 1
849 1
850 1
851 0
852 0
853 0
854 0
855 1
856 1
857 1
858 0
859 0
860 0
861 0
862 0
863 1
864 0
865 0
866 0
867 1
868 1
869 0
870 0
871 1
872 1
873 1
874 0
875 1
876 1
877 0
878 0
879 1
880 0
881 0
882 1
883 0
884 0
885 1
886 1
887 1
888 0
889 0
890 0
891 1
892 1
893 1
894 0
895 0
896 1
897 0
898 0
899 0
900 0
901 0
902 1
903 1
904 1
905 1
906 1
907 1
908 1
909 0
910 1
911 1
912 1
913 0
914 1
915 0
916 1
917 1
918 1
919 1
920 1
921 1
922 0
923 1
924 1
925 1
926 1
927 1
928 1
929 1
930 0
931 1
932 1
933 1
934 0
935 1
936 1
937 1
938 1
939 1
940 1
941 1
942 1
943 1
944 1
945 1
946 1
947 1
948 1
949 0
950 1
951 1
952 0
953 0
954 0
955 1
956 0
957 0
958 1
959 1
960 0
961 1
962 0
963 0
964 0
965 1
966 1
967 1
968 1
969 0
970 1
971 1
972 1
973 1
974 0
975 0
976 1
977 1
978 1
979 0
980 1
981 1
982 1
983 0
984 0
985 0
986 0
987 1
988 1
989 0
990 0
991 0
992 1
993 1
994 0
995 1
996 1
997 0
998 1
999 1
1000 0
1001 1
1002 0
1003 1
1004 0
1005 1
1006 0
1007 1
1008 1
1009 0
1010 1
1011 1
1012 1
1013 1
1014 0
1015 1
1016 1
1017 1
1018 0
1019 1
1020 0
1021 1
1022 1
1023 0
1024 1
1025 1
1026 0
1027 1
1028 1
1029 1
1030 1
1031 0
1032 0
1033 1
1034 0
1035 0
1036 1
1037 1
1038 1
1039 1
1040 0
1041 1
1042 0
1043 1
1044 0
1045 0
1046 0
1047 0
1048 1
1049 0
1050 0
1051 1
1052 0
1053 1
1054 1
1055 0
1056 0
1057 1
1058 0
1059 0
1060 0
1061 1
1062 1
1063 0
1064 1
1065 0
1066 0
1067 0
1068 0
1069 1
1070 0
1071 0
1072 0
1073 1
1074 1
1075 1
1076 1
1077 1
1078 1
1079 1
1080 0
1081 0
1082 0
1083 0
1084 0
1085 0
1086 0
1087 1
1088 1
1089 1
1090 1
1091 1
1092 1
1093 0
1094 1
1095 0
1096 0
1097 1
1098 1
1099 0
1100 1
1101 0
1102 0
1103 1
1104 1
1105 1
1106 1
1107 1
1108 1
1109 0
1110 0
1111 1
1112 1
1113 1
1114 0
1115 0
1116 1
1117 0
1118 1
1119 1
1120 0
1121 1
1122 1
1123 1
1124 1
1125 1
1126 1
1127 1
1128 0
1129 0
1130 1
1131 0
1132 0
1133 0
1134 1
1135 1
1136 0
1137 1
1138 0
1139 1
1140 1
1141 1
1142 0
1143 1
1144 1
1145 0
1146 0
1147 0
1148 0
1149 1
1150 1
1151 0
1152 1
1153 1
1154 0
1155 1
1156 1
1157 0
1158 0
1159 1
1160 0
1161 0
1162 1
1163 1
1164 1
1165 1
1166 0
1167 1
1168 0
1169 1
1170 1
1171 1
1172 0
1173 1
1174 1
1175 1
1176 0
1177 0
1178 1
1179 1
1180 0
1181 1
1182 1
1183 1
1184 0
1185 0
1186 1
1187 1
1188 0
1189 0
1190 1
1191 1
1192 1
1193 0
1194 1
1195 1
1196 0
1197 1
1198 0
1199 1
1200 0
1201 1
1202 1
1203 0
1204 0
1205 1
1206 1
1207 0
1208 0
1209 1
1210 0
1211 1
1212 1
1213 1
1214 1
1215 0
1216 1
1217 1
1218 1
1219 0
1220 1
1221 0
1222 1
1223 0
1224 0
1225 0
1226 1
1227 0
1228 1
1229 1
1230 0
1231 0
1232 1
1233 0
1234 0
1235 1
1236 0
1237 1
1238 0
1239 1
1240 1
1241 0
1242 1
1243 0
1244 1
1245 1
1246 0
1247 0
1248 0
1249 1
1250 0
1251 1
1252 0
1253 0
1254 0
1255 1
1256 0
1257 0
1258 1
1259 1
1260 1
1261 0
1262 1
1263 1
1264 1
1265 0
1266 0
1267 1
1268 1
1269 0
1270 1
1271 1
1272 0
1273 0
1274 1
1275 1
1276 0
1277 0
1278 1
1279 0
1280 1
1281 0
1282 0
1283 0
1284 0
1285 0
1286 1
1287 1
1288 0
1289 1
1290 0
1291 0
1292 1
1293 1
1294 0
1295 1
1296 0
1297 0
1298 0
1299 1
1300 1
1301 0
1302 1
1303 1
1304 1
1305 0
1306 1
1307 1
1308 0
1309 1
1310 1
1311 1
1312 0
1313 0
1314 1
1315 0
1316 1
1317 1
1318 1
1319 0
1320 1
1321 1
1322 1
1323 1
1324 1
1325 0
1326 0
1327 1
1328 1
1329 1
1330 0
1331 0
1332 0
1333 0
1334 1
1335 0
1336 0
1337 1
1338 0
1339 0
1340 0
1341 1
1342 1
1343 1
1344 0
1345 1
1346 1
1347 0
1348 1
1349 0
1350 0
1351 1
1352 0
1353 1
1354 0
1355 1
1356 0
1357 1
1358 0
1359 1
1360 0
1361 0
1362 1
1363 1
1364 0
1365 1
1366 1
1367 0
1368 0
1369 0
1370 1
1371 1
1372 1
1373 0
1374 1
1375 1
1376 0
1377 1
1378 1
1379 0
1380 0
1381 1
1382 1
1383 0
1384 0
1385 0
1386 0
1387 0
1388 0
1389 1
1390 0
1391 1
1392 0
1393 1
1394 0
1395 1
1396 0
1397 1
1398 0
1399 0
1400 1
1401 1
1402 1
1403 0
1404 1
1405 1
1406 1
1407 1
1408 1
1409 1
1410 1
1411 0
1412 1
1413 1
1414 0
1415 0
1416 1
1417 1
1418 1
1419 0
1420 0
1421 0
1422 1
1423 0
1424 1
1425 1
1426 1
1427 1
1428 1
1429 1
1430 0
1431 1
1432 1
1433 1
1434 1
1435 1
1436 1
1437 0
1438 1
1439 0
1440 0
1441 1
1442 0
1443 1
1444 1
1445 0
1446 1
1447 0
1448 0
1449 0
1450 1
1451 0
1452 0
1453 1
1454 0
1455 1
1456 1
1457 0
1458 1
1459 1
1460 0
1461 0
1462 1
1463 1
1464 1
1465 0
1466 1
1467 0
1468 0
1469 0
1470 1
1471 0
1472 0
1473 1
1474 1
1475 1
1476 0
1477 0
1478 1
1479 0
1480 1
1481 1
1482 1
1483 1
1484 0
1485 1
1486 1
1487 0
1488 1
1489 0
1490 1
1491 0
1492 0
1493 0
1494 0
1495 0
1496 1
1497 0
1498 1
1499 1
1500 1
1501 1
1502 0
1503 0
1504 1
1505 1
1506 1
1507 1
1508 0
1509 1
1510 0
1511 1
1512 1
1513 1
1514 1
1515 1
1516 1
1517 1
1518 1
1519 0
1520 1
1521 1
1522 1
1523 0
1524 0
1525 0
1526 0
1527 0
1528 0
1529 0
1530 0
1531 1
1532 1
1533 1
1534 0
1535 1
1536 1
1537 1
1538 1
1539 0
1540 0
1541 1
1542 0
1543 0
1544 1
1545 0
1546 1
1547 0
1548 1
1549 0
1550 1
1551 0
1552 0
1553 1
1554 0
1555 0
1556 0
1557 0
1558 1
1559 1
1560 1
1561 1
1562 1
1563 0
1564 1
1565 0
1566 0
1567 1
1568 0
1569 1
1570 1
1571 1
1572 0
1573 1
1574 0
1575 0
1576 1
1577 1
1578 1
1579 0
1580 1
1581 0
1582 0
1583 1
1584 1
1585 1
1586 1
1587 1
1588 1
1589 0
1590 0
1591 1
1592 1
1593 1
1594 0
1595 1
1596 0
1597 1
1598 1
1599 1
1600 0
1601 0
1602 1
1603 1
1604 0
1605 1
1606 0
1607 0
1608 1
1609 0
1610 1
1611 1
1612 0
1613 0
1614 1
1615 0
1616 0
1617 1
1618 1
1619 0
1620 1
1621 1
1622 0
1623 1
1624 0
1625 1
1626 0
1627 1
1628 0
1629 1
1630 1
1631 1
1632 0
1633 1
1634 0
1635 0
1636 1
1637 0
1638 1
1639 1
1640 0
1641 1
1642 0
1643 0
1644 1
1645 1
1646 0
1647 0
1648 1
1649 1
1650 0
1651 1
1652 0
1653 1
1654 0
1655 1
1656 1
1657 1
1658 0
1659 0
1660 0
1661 0
1662 1
1663 0
1664 0
1665 1
1666 0
1667 0
1668 0
1669 0
1670 0
1671 1
1672 1
1673 1
1674 1
1675 0
1676 1
1677 1
1678 1
1679 1
1680 0
1681 1
1682 0
1683 0
1684 0
1685 1
1686 1
1687 0
1688 1
1689 1
1690 1
1691 1
1692 1
1693 1
1694 0
1695 1
1696 1
1697 1
1698 0
1699 1
1700 0
1701 0
1702 1
1703 1
1704 0
1705 0
1706 1
1707 1
1708 1
1709 1
1710 1
1711 0
1712 0
1713 0
1714 0
1715 1
1716 0
1717 1
1718 0
1719 1
1720 0
1721 0
1722 1
1723 1
1724 0
1725 1
1726 1
1727 0
1728 0
1729 0
1730 1
1731 1
1732 0
1733 0
1734 1
1735 0
1736 0
1737 1
1738 1
1739 1
1740 0
1741 0
1742 0
1743 1
1744 0
1745 1
1746 1
1747 0
1748 1
1749 1
1750 1
1751 0
1752 0
1753 1
1754 0
1755 0
1756 1
1757 1
1758 1
1759 1
1760 1
1761 0
1762 1
1763 0
1764 0
1765 1
1766 0
1767 0
1768 0
1769 1
1770 1
1771 1
1772 1
1773 1
1774 0
1775 0
1776 1
1777 1
1778 0
1779 1
1780 1
1781 0
1782 0
1783 0
1784 1
1785 1
1786 0
1787 0
1788 0
1789 0
1790 1
1791 0
1792 0
1793 0
1794 1
1795 0
1796 1
1797 1
1798 0
1799 1
1800 1
1801 0
1802 0
1803 0
1804 0
1805 0
1806 0
1807 0
1808 1
1809 0
1810 1
1811 0
1812 1
1813 1
1814 0
1815 1
1816 0
1817 1
1818 0
1819 0
1820 1
1821 0
1822 1
1823 1
1824 1
1825 0
1826 1
1827 0
1828 1
1829 0
1830 1
1831 0
1832 0
1833 1
1834 1
1835 0
1836 0
1837 0
1838 0
1839 1
1840 0
1841 1
1842 0
1843 0
1844 0
1845 1
1846 1
1847 1
1848 0
1849 0
1850 1
1851 1
1852 0
1853 0
1854 1
1855 0
1856 0
1857 1
1858 1
1859 1
1860 1
1861 1
1862 1
1863 1
1864 1
1865 0
1866 0
1867 0
1868 1
1869 1
1870 0
1871 0
1872 0
1873 0
1874 1
1875 1
1876 1
1877 0
1878 1
1879 1
1880 1
1881 0
1882 0
1883 0
1884 0
1885 1
1886 0
1887 1
1888 1
1889 0
1890 0
1891 0
1892 0
1893 1
1894 0
1895 1
1896 1
1897 1
1898 0
1899 1
1900 0
1901 1
1902 1
1903 0
1904 1
1905 1
1906 1
1907 0
1908 1
1909 1
1910 1
1911 1
1912 0
1913 1
1914 0
1915 1
1916 1
1917 0
1918 1
1919 0
1920 0
1921 1
1922 0
1923 0
1924 0
1925 1
1926 1
1927 1
1928 0
1929 1
1930 0
1931 0
1932 1
1933 1
1934 0
1935 1
1936 0
1937 1
1938 0
1939 1
1940 1
1941 0
1942 0
1943 1
1944 0
1945 0
1946 0
1947 0
1948 0
1949 0
1950 1
1951 1
1952 1
1953 0
1954 1
1955 1
1956 1
1957 1
1958 0
1959 0
1960 0
1961 1
1962 1
1963 1
1964 0
1965 0
1966 1
1967 0
1968 1
1969 0
1970 1
1971 0
1972 1
1973 0
1974 0
1975 1
1976 1
1977 1
1978 1
1979 0
1980 1
1981 0
1982 1
1983 0
1984 0
1985 0
1986 1
1987 0
1988 0
1989 0
1990 1
1991 1
1992 0
1993 0
1994 0
1995 1
1996 1
1997 0
1998 1
1999 1
2000 1
2001 1
2002 1
2003 1
2004 0
2005 1
2006 1
2007 0
2008 1
2009 0
2010 1
2011 1
2012 1
2013 0
2014 0
2015 1
2016 1
2017 0
2018 1
2019 1
2020 1
2021 1
2022 0
2023 1
2024 0
2025 1
2026 1
2027 0
2028 0
2029 0
2030 1
2031 1
2032 0
2033 1
2034 1
2035 0
2036 0
2037 1
2038 0
2039 0
2040 0
2041 0
2042 0
2043 0
2044 1
2045 1
2046 1
2047 0
2048 0
2049 1
2050 0
2051 1
2052 1
2053 0
2054 1
2055 1
2056 1
2057 1
2058 1
2059 1
2060 0
2061 0
2062 0
2063 0
2064 1
2065 1
2066 1
2067 1
2068 1
2069 0
2070 0
2071 0
2072 1
2073 1
2074 1
2075 1
2076 1
2077 0
2078 0
2079 0
2080 1
2081 1
2082 1
2083 0
2084 1
2085 1
2086 1
2087 0
2088 1
2089 0
2090 1
2091 1
2092 0
2093 0
2094 0
2095 0
2096 0
2097 0
2098 1
2099 0
2100 1
2101 0
2102 1
2103 0
2104 1
2105 0
2106 1
2107 1
2108 1
2109 0
2110 1
2111 1
2112 1
2113 1
2114 1
2115 0
2116 0
2117 1
2118 1
2119 1
2120 1
2121 1
2122 0
2123 1
2124 0
2125 0
2126 0
2127 0
2128 0
2129 0
2130 0
2131 1
2132 0
2133 0
2134 1
2135 0
2136 0
2137 0
2138 0
2139 1
2140 0
2141 0
2142 1
2143 1
2144 1
2145 1
2146 1
2147 0
2148 1
2149 1
2150 1
2151 1
2152 0
2153 0
2154 1
2155 0
2156 0
2157 1
2158 1
2159 1
2160 0
2161 0
2162 0
2163 0
2164 0
2165 0
2166 0
2167 1
2168 0
2169 0
2170 1
2171 0
2172 0
2173 1
2174 1
2175 1
2176 0
2177 0
2178 1
2179 0
2180 0
2181 1
2182 1
2183 0
2184 1
2185 0
2186 0
2187 0
2188 1
2189 0
2190 0
2191 0
2192 1
2193 1
2194 0
2195 0
2196 1
2197 0
2198 0
2199 0
2200 1
2201 0
2202 1
2203 0
2204 0
2205 0
2206 1
2207 0
2208 0
2209 0
2210 0
2211 0
2212 0
2213 1
2214 0
2215 1
2216 0
2217 0
2218 1
2219 1
2220 0
2221 0
2222 0
2223 1
2224 1
2225 1
2226 1
2227 0
2228 1
2229 1
2230 1
2231 1
2232 0
2233 0
2234 0
2235 0
2236 1
2237 1
2238 0
2239 0
2240 1
2241 0
2242 1
2243 1
2244 1
2245 1
2246 1
2247 0
2248 0
2249 0
2250 1
2251 0
2252 0
2253 1
2254 1
2255 1
2256 0
2257 0
2258 0
2259 0
2260 1
2261 0
2262 0
2263 1
2264 0
2265 0
2266 1
2267 0
2268 0
2269 1
2270 1
2271 1
2272 0
2273 0
2274 1
2275 0
2276 1
2277 0
2278 1
2279 1
2280 1
2281 0
2282 0
2283 0
2284 0
2285 0
2286 1
2287 0
2288 1
2289 1
2290 0
2291 0
2292 0
2293 1
2294 0
2295 1
2296 0
2297 0
2298 0
2299 0
2300 0
2301 0
2302 1
2303 1
2304 1
2305 0
2306 1
2307 0
2308 1
2309 1
2310 1
2311 1
2312 0
2313 1
2314 1
2315 0
2316 0
2317 1
2318 1
2319 0
2320 1
2321 0
2322 1
2323 0
2324 0
2325 0
2326 0
2327 0
2328 0
2329 1
2330 1
2331 0
2332 1
2333 0
2334 1
2335 1
2336 0
2337 0
2338 0
2339 1
2340 0
2341 0
2342 1
2343 0
2344 0
2345 0
2346 1
2347 1
2348 0
2349 0
2350 0
2351 1
2352 0
2353 1
2354 1
2355 0
2356 1
2357 1
2358 1
2359 0
2360 1
2361 1
2362 0
2363 1
2364 1
2365 1
2366 0
2367 1
2368 1
2369 1
2370 0
2371 1
2372 0
2373 0
2374 0
2375 1
2376 1
2377 1
2378 1
2379 1
2380 0
2381 0
2382 1
2383 0
2384 1
2385 1
2386 1
2387 0
2388 0
2389 1
2390 1
2391 1
2392 0
2393 0
2394 0
2395 1
2396 1
2397 0
2398 1
2399 0
2400 1
2401 0
2402 0
2403 1
2404 1
2405 0
2406 1
2407 1
2408 0
2409 1
2410 0
2411 1
2412 0
2413 0
2414 0
2415 1
2416 1
2417 1
2418 0
2419 0
2420 1
2421 1
2422 0
2423 0
2424 0
2425 0
2426 1
2427 0
2428 1
2429 1
2430 1
2431 0
2432 0
2433 1
2434 0
2435 0
2436 0
2437 0
2438 0
2439 1
2440 0
2441 1
2442 0
2443 1
2444 1
2445 1
2446 1
2447 1
2448 1
2449 1
2450 1
2451 0
2452 1
2453 1
2454 1
2455 1
2456 0
2457 0
2458 0
2459 0
2460 1
2461 1
2462 0
2463 0
2464 1
2465 1
2466 0
2467 0
2468 1
2469 0
2470 1
2471 1
2472 1
2473 0
2474 0
2475 1
2476 1
2477 0
2478 0
2479 0
2480 0
2481 0
2482 1
2483 0
2484 1
2485 1
2486 1
2487 1
2488 1
2489 0
2490 0
2491 1
2492 1
2493 1
2494 1
2495 0
2496 1
2497 1
2498 1
2499 0
2500 1
2501 1
2502 1
2503 1
2504 0
2505 1
2506 0
2507 1
2508 1
2509 1
2510 1
2511 1
2512 0
2513 0
2514 1
2515 0
2516 0
2517 1
2518 0
2519 1
2520 1
2521 0
2522 0
2523 1
2524 1
2525 1
2526 1
2527 1
2528 0
2529 0
2530 1
2531 1
2532 1
2533 1
2534 0
2535 1
2536 0
2537 0
2538 1
2539 1
2540 0
2541 1
2542 1
2543 1
2544 0
2545 0
2546 0
2547 0
2548 1
2549 0
2550 1
2551 0
2552 0
2553 0
2554 1
2555 0
2556 0
2557 1
2558 1
2559 1
2560 0
2561 1
2562 0
2563 0
2564 1
2565 0
2566 0
2567 1
2568 1
2569 1
2570 0
2571 0
2572 0
2573 1
2574 1
2575 1
2576 1
2577 0
2578 1
2579 1
2580 0
2581 0
2582 1
2583 0
2584 1
2585 1
2586 1
2587 1
2588 1
2589 0
2590 1
2591 1
2592 0
2593 0
2594 1
2595 0
2596 0
2597 1
2598 0
2599 1
2600 0
2601 1
2602 0
2603 0
2604 1
2605 0
2606 0
2607 0
2608 1
2609 1
2610 1
2611 0
2612 1
2613 1
2614 0
2615 0
2616 1
2617 1
2618 0
2619 1
2620 0
2621 1
2622 0
2623 1
2624 0
2625 0
2626 0
2627 0
2628 0
2629 0
2630 1
2631 1
2632 1
2633 1
2634 0
2635 1
2636 0
2637 1
2638 0
2639 0
2640 1
2641 0
2642 1
2643 0
2644 1
2645 0
2646 0
2647 1
2648 0
2649 0
2650 1
2651 0
2652 1
2653 1
2654 1
2655 0
2656 0
2657 0
2658 1
2659 1
2660 1
2661 0
2662 1
2663 0
2664 0
2665 1
2666 0
2667 0
2668 1
2669 1
2670 1
2671 0
2672 1
2673 1
2674 0
2675 0
2676 1
2677 0
2678 0
2679 0
2680 1
2681 1
2682 0
2683 1
2684 1
2685 0
2686 1
2687 1
2688 0
2689 0
2690 1
2691 1
2692 1
2693 1
2694 0
2695 0
2696 0
2697 1
2698 1
2699 1
2700 1
2701 1
2702 1
2703 0
2704 1
2705 0
2706 1
2707 1
2708 1
2709 0
2710 1
2711 0
2712 0
2713 1
2714 1
2715 0
2716 0
2717 1
2718 0
2719 1
2720 0
2721 1
2722 1
2723 1
2724 1
2725 0
2726 1
2727 1
2728 0
2729 1
2730 1
2731 1
2732 0
2733 0
2734 0
2735 1
2736 1
2737 1
2738 0
2739 0
2740 0
2741 0
2742 1
2743 0
2744 1
2745 1
2746 1
2747 1
2748 0
2749 1
2750 1
2751 1
2752 1
2753 0
2754 1
2755 0
2756 1
2757 1
2758 1
2759 0
2760 0
2761 1
2762 0
2763 0
2764 1
2765 0
2766 1
2767 1
2768 1
2769 1
2770 1
2771 1
2772 0
2773 0
2774 0
2775 0
2776 0
2777 0
2778 1
2779 1
2780 1
2781 1
2782 1
2783 0
2784 1
2785 1
2786 1
2787 1
2788 0
2789 1
2790 1
2791 0
2792 1
2793 1
2794 1
2795 1
2796 1
2797 0
2798 1
2799 1
2800 1
2801 0
2802 1
2803 1
2804 0
2805 1
2806 0
2807 0
2808 1
2809 1
2810 0
2811 0
2812 1
2813 0
2814 0
2815 1
2816 0
2817 1
2818 1
2819 1
2820 1
2821 0
2822 1
2823 0
2824 1
2825 1
2826 0
2827 0
2828 0
2829 1
2830 1
2831 1
2832 1
2833 1
2834 1
2835 1
2836 0
2837 0
2838 1
2839 1
2840 0
2841 0
2842 0
2843 0
2844 0
2845 0
2846 1
2847 1
2848 0
2849 1
2850 1
2851 1
2852 1
2853 1
2854 0
2855 1
2856 1
2857 0
2858 0
2859 0
2860 1
2861 0
2862 1
2863 1
2864 1
2865 0
2866 1
2867 1
2868 1
2869 0
2870 1
2871 0
2872 0
2873 1
2874 0
2875 1
2876 1
2877 0
2878 1
2879 1
2880 0
2881 0
2882 1
2883 1
2884 1
2885 0
2886 1
2887 1
2888 0
2889 1
2890 1
2891 1
2892 0
2893 0
2894 0
2895 0
2896 0
2897 1
2898 0
2899 1
2900 0
2901 1
2902 0
2903 1
2904 1
2905 0
2906 1
2907 0
2908 1
2909 0
2910 1
2911 1
2912 0
2913 1
2914 1
2915 1
2916 1
2917 0
2918 1
2919 0
2920 0
2921 1
2922 1
2923 1
2924 1
2925 1
2926 1
2927 0
2928 1
2929 1
2930 0
2931 0
2932 0
2933 0
2934 1
2935 1
2936 1
2937 0
2938 0
2939 0
2940 1
2941 1
2942 0
2943 0
2944 0
2945 0
2946 1
2947 1
2948 0
2949 1
2950 0
2951 1
2952 1
2953 0
2954 1
2955 1
2956 0
2957 0
2958 0
2959 1
2960 1
2961 0
2962 0
2963 0
2964 0
2965 1
2966 1
2967 1
2968 0
2969 1
2970 1
2971 1
2972 1
2973 0
2974 1
2975 0
2976 1
2977 1
2978 1
2979 0
2980 0
2981 0
2982 0
2983 0
2984 0
2985 1
2986 1
2987 1
2988 1
2989 1
2990 1
2991 0
2992 1
2993 0
2994 1
2995 0
2996 0
2997 0
2998 0
2999 1
3000 0
3001 1
3002 0
3003 1
3004 0
3005 1
3006 0
3007 1
3008 0
3009 1
3010 1
3011 1
3012 0
3013 1
3014 1
3015 0
3016 0
3017 1
3018 0
3019 0
3020 0
3021 0
3022 1
3023 1
3024 0
3025 1
3026 0
3027 0
3028 1
3029 1
3030 0
3031 1
3032 0
3033 1
3034 0
3035 0
3036 1
3037 1
3038 0
3039 1
3040 0
3041 0
3042 1
3043 1
3044 1
3045 0
3046 0
3047 1
3048 0
3049 0
3050 0
3051 1
3052 1
3053 0
3054 0
3055 1
3056 1
3057 1
3058 0
3059 0
3060 1
3061 0
3062 0
3063 0
3064 0
3065 1
3066 0
3067 0
3068 0
3069 1
3070 1
3071 0
3072 1
3073 0
3074 1
3075 1
3076 0
3077 0
3078 1
3079 0
3080 0
3081 1
3082 1
3083 1
3084 0
3085 0
3086 0
3087 1
3088 0
3089 0
3090 0
3091 1
3092 0
3093 1
3094 0
3095 0
3096 1
3097 0
3098 1
3099 0
3100 1
3101 0
3102 0
3103 1
3104 0
3105 0
3106 1
3107 1
3108 0
3109 0
3110 0
3111 1
3112 1
3113 0
3114 1
3115 0
3116 1
3117 1
3118 1
3119 0
3120 1
3121 0
3122 0
3123 0
3124 1
3125 0
3126 1
3127 1
3128 1
3129 0
3130 1
3131 1
3132 1
3133 1
3134 1
3135 0
3136 1
3137 1
3138 1
3139 1
3140 1
3141 0
3142 0
3143 1
3144 1
3145 0
3146 1
3147 1
3148 0
3149 1
3150 1
3151 0
3152 0
3153 1
3154 1
3155 1
3156 0
3157 1
3158 0
3159 1
3160 1
3161 0
3162 1
3163 1
3164 0
3165 0
3166 0
3167 1
3168 1
3169 1
3170 0
3171 1
3172 1
3173 1
3174 0
3175 0
3176 1
3177 0
3178 1
3179 0
3180 0
3181 0
3182 1
3183 1
3184 1
3185 0
3186 0
3187 0
3188 1
3189 0
3190 1
3191 0
3192 0
3193 0
3194 1
3195 1
3196 0
3197 1
3198 1
3199 0
3200 0
3201 1
3202 1
3203 1
3204 0
3205 1
3206 1
3207 0
3208 1
3209 1
3210 0
3211 1
3212 1
3213 1
3214 0
3215 1
3216 0
3217 1
3218 1
3219 0
3220 0
3221 0
3222 1
3223 0
3224 0
3225 1
3226 0
3227 1
3228 1
3229 1
3230 1
3231 0
3232 1
3233 0
3234 1
3235 0
3236 0
3237 1
3238 0
3239 1
3240 0
3241 1
3242 0
3243 0
3244 0
3245 1
3246 1
3247 1
3248 1
3249 1
3250 0
3251 0
3252 0
3253 1
3254 0
3255 0
3256 1
3257 0
3258 0
3259 0
3260 0
3261 0
3262 0
3263 1
3264 1
3265 1
3266 1
3267 1
3268 1
3269 0
3270 1
3271 1
3272 0
3273 0
3274 0
3275 0
3276 0
3277 0
3278 1
3279 1
3280 1
3281 0
3282 0
3283 0
3284 0
3285 0
3286 0
3287 0
3288 0
3289 1
3290 1
3291 1
3292 1
3293 0
3294 0
3295 0
3296 1
3297 1
3298 0
3299 1
3300 1
3301 1
3302 1
3303 0
3304 1
3305 0
3306 0
3307 0
3308 0
3309 0
3310 1
3311 0
3312 1
3313 0
3314 1
3315 0
3316 0
3317 1
3318 0
3319 1
3320 0
3321 0
3322 0
3323 1
3324 0
3325 1
3326 1
3327 0
3328 1
3329 0
3330 1
3331 1
3332 0
3333 1
3334 1
3335 1
3336 1
3337 1
3338 1
3339 1
3340 0
3341 1
3342 0
3343 1
3344 0
3345 0
3346 0
3347 0
3348 1
3349 1
3350 0
3351 0
3352 1
3353 0
3354 0
3355 1
3356 0
3357 0
3358 1
3359 0
3360 0
3361 1
3362 0
3363 0
3364 1
3365 0
3366 0
3367 1
3368 1
3369 0
3370 1
3371 1
3372 1
3373 0
3374 0
3375 1
3376 1
3377 1
3378 1
3379 1
3380 1
3381 1
3382 1
3383 0
3384 1
3385 0
3386 0
3387 0
3388 1
3389 0
3390 1
3391 0
3392 0
3393 1
3394 1
3395 0
3396 0
3397 1
3398 1
3399 1
3400 0
3401 0
3402 0
3403 0
3404 1
3405 1
3406 0
3407 1
3408 1
3409 1
3410 0
3411 1
3412 0
3413 0
3414 1
3415 0
3416 1
3417 1
3418 0
3419 0
3420 0
3421 0
3422 0
3423 1
3424 1
3425 1
3426 0
3427 0
3428 1
3429 0
3430 0
3431 0
3432 1
3433 0
3434 1
3435 0
3436 0
3437 0
3438 0
3439 0
3440 0
3441 0
3442 0
3443 1
3444 1
3445 1
3446 0
3447 0
3448 0
3449 0
3450 1
3451 1
3452 1
3453 0
3454 1
3455 0
3456 1
3457 1
3458 1
3459 1
3460 0
3461 1
3462 0
3463 1
3464 0
3465 0
3466 0
3467 1
3468 0
3469 0
3470 0
3471 1
3472 1
3473 0
3474 0
3475 1
3476 1
3477 0
3478 1
3479 0
3480 0
3481 0
3482 1
3483 1
3484 1
3485 0
3486 0
3487 1
3488 1
3489 0
3490 0
3491 0
3492 0
3493 1
3494 0
3495 0
3496 1
3497 1
3498 1
3499 0
3500 1
3501 0
3502 0
3503 0
3504 0
3505 1
3506 0
3507 0
3508 0
3509 0
3510 1
3511 1
3512 1
3513 0
3514 0
3515 1
3516 0
3517 1
3518 1
3519 0
3520 1
3521 0
3522 1
3523 0
3524 1
3525 1
3526 0
3527 1
3528 1
3529 1
3530 0
3531 0
3532 1
3533 1
3534 1
3535 0
3536 1
3537 1
3538 1
3539 0
3540 1
3541 0
3542 0
3543 0
3544 1
3545 1
3546 0
3547 0
3548 0
3549 0
3550 1
3551 1
3552 0
3553 1
3554 1
3555 0
3556 0
3557 1
3558 0
3559 1
3560 1
3561 1
3562 0
3563 0
3564 1
3565 1
3566 1
3567 1
3568 1
3569 1
3570 1
3571 0
3572 1
3573 0
3574 0
3575 1
3576 1
3577 0
3578 1
3579 1
3580 0
3581 0
3582 0
3583 0
3584 0
3585 0
3586 0
3587 0
3588 1
3589 0
3590 0
3591 1
3592 1
3593 0
3594 0
3595 0
3596 1
3597 1
3598 0
3599 1
3600 0
3601 1
3602 1
3603 1
3604 1
3605 0
3606 0
3607 1
3608 1
3609 0
3610 0
3611 1
3612 1
3613 1
3614 0
3615 1
3616 1
3617 0
3618 0
3619 1
3620 1
3621 0
3622 0
3623 1
3624 0
3625 1
3626 0
3627 0
3628 1
3629 1
3630 1
3631 1
3632 1
3633 0
3634 0
3635 1
3636 1
3637 0
3638 1
3639 1
3640 1
3641 0
3642 0
3643 0
3644 1
3645 0
3646 1
3647 0
3648 1
3649 1
3650 0
3651 0
3652 0
3653 1
3654 1
3655 1
3656 1
3657 0
3658 1
3659 1
3660 0
3661 1
3662 1
3663 1
3664 0
3665 0
3666 0
3667 1
3668 0
3669 0
3670 1
3671 1
3672 1
3673 0
3674 1
3675 1
3676 1
3677 1
3678 1
3679 1
3680 0
3681 0
3682 1
3683 1
3684 1
3685 1
3686 1
3687 0
3688 0
3689 0
3690 0
3691 1
3692 0
3693 0
3694 1
3695 1
3696 1
3697 1
3698 1
3699 1
3700 0
3701 0
3702 0
3703 1
3704 0
3705 0
3706 0
3707 1
3708 1
3709 1
3710 1
3711 0
3712 1
3713 1
3714 0
3715 0
3716 0
3717 0
3718 1
3719 1
3720 1
3721 0
3722 0
3723 0
3724 0
3725 0
3726 0
3727 1
3728 0
3729 1
3730 0
3731 0
3732 1
3733 1
3734 0
3735 1
3736 0
3737 1
3738 1
3739 0
3740 0
3741 1
3742 1
3743 0
3744 0
3745 0
3746 1
3747 0
3748 0
3749 1
3750 1
3751 1
3752 0
3753 1
3754 0
3755 1
3756 1
3757 1
3758 0
3759 1
3760 1
3761 1
3762 0
3763 0
3764 1
3765 0
3766 0
3767 1
3768 1
3769 1
3770 0
3771 0
3772 1
3773 1
3774 0
3775 1
3776 1
3777 1
3778 1
3779 0
3780 0
3781 0
3782 1
3783 1
3784 1
3785 0
3786 0
3787 0
3788 0
3789 0
3790 0
3791 1
3792 0
3793 0
3794 1
3795 0
3796 0
3797 1
3798 1
3799 0
3800 1
3801 1
3802 0
3803 1
3804 1
3805 1
3806 1
3807 1
3808 1
3809 1
3810 0
3811 0
3812 0
3813 1
3814 0
3815 0
3816 0
3817 0
3818 1
3819 0
3820 0
3821 0
3822 1
3823 1
3824 1
3825 1
3826 0
3827 0
3828 1
3829 1
3830 1
3831 0
3832 1
3833 0
3834 1
3835 0
3836 1
3837 0
3838 0
3839 0
3840 1
3841 1
3842 1
3843 1
3844 1
3845 1
3846 1
3847 1
3848 0
3849 0
3850 0
3851 0
3852 1
3853 1
3854 0
3855 1
3856 0
3857 0
3858 0
3859 0
3860 0
3861 1
3862 1
3863 0
3864 1
3865 1
3866 1
3867 1
3868 1
3869 0
3870 1
3871 1
3872 1
3873 1
3874 1
3875 0
3876 1
3877 1
3878 1
3879 1
3880 1
3881 1
3882 0
3883 1
3884 0
3885 0
3886 0
3887 0
3888 0
3889 0
3890 1
3891 0
3892 1
3893 0
3894 1
3895 1
3896 0
3897 1
3898 1
3899 0
3900 0
3901 0
3902 1
3903 1
3904 0
3905 1
3906 0
3907 0
3908 0
3909 1
3910 1
3911 0
3912 1
3913 1
3914 0
3915 0
3916 0
3917 0
3918 0
3919 0
3920 1
3921 0
3922 0
3923 1
3924 0
3925 1
3926 0
3927 0
3928 1
3929 1
3930 1
3931 0
3932 1
3933 1
3934 0
3935 1
3936 0
3937 1
3938 0
3939 1
3940 1
3941 1
3942 1
3943 0
3944 1
3945 1
3946 0
3947 1
3948 1
3949 0
3950 1
3951 1
3952 1
3953 0
3954 0
3955 1
3956 1
3957 1
3958 1
3959 1
3960 1
3961 0
3962 0
3963 1
3964 0
3965 0
3966 1
3967 0
3968 1
3969 1
3970 0
3971 1
3972 0
3973 0
3974 0
3975 1
3976 0
3977 0
3978 1
3979 0
3980 1
3981 1
3982 0
3983 0
3984 1
3985 1
3986 0
3987 0
3988 1
3989 0
3990 1
3991 1
3992 0
3993 1
3994 0
3995 0
3996 0
3997 1
3998 1
3999 1
4000 1
4001 1
4002 0
4003 1
4004 0
4005 0
4006 1
4007 1
4008 1
4009 0
4010 0
4011 1
4012 1
4013 0
4014 1
4015 0
4016 0
4017 0
4018 1
4019 0
4020 1
4021 1
4022 1
4023 1
4024 1
4025 1
4026 1
4027 1
4028 0
4029 1
4030 1
4031 0
4032 1
4033 1
4034 0
4035 1
4036 1
4037 1
4038 1
4039 1
4040 1
4041 0
4042 0
4043 1
4044 0
4045 1
4046 1
4047 1
4048 1
4049 0
4050 1
4051 0
4052 0
4053 1
4054 0
4055 0
4056 1
4057 1
4058 1
4059 1
4060 1
4061 1
4062 1
4063 0
4064 0
4065 0
4066 0
4067 1
4068 0
4069 1
4070 0
4071 1
4072 0
4073 1
4074 1
4075 0
4076 1
4077 0
4078 0
4079 0
4080 1
4081 1
4082 1
4083 0
4084 0
4085 0
4086 0
4087 0
4088 1
4089 1
4090 1
4091 1
4092 0
4093 0
4094 0
4095 1
4096 0
4097 1
4098 1
4099 1
4100 0
4101 0
4102 1
4103 1
4104 1
4105 0
4106 1
4107 0
4108 1
4109 1
4110 0
4111 0
4112 1
4113 1
4114 0
4115 1
4116 1
4117 0
4118 1
4119 1
4120 1
4121 0
4122 0
4123 0
4124 0
4125 1
4126 0
4127 0
4128 1
4129 1
4130 1
4131 0
4132 1
4133 1
4134 1
4135 1
4136 0
4137 0
4138 1
4139 0
4140 1
4141 1
4142 0
4143 1
